2147483647C
420607 95
6241 1
6347 1
2725 1
2671 1
2696 1
2572 1
2685 1
2688 1
2644 1
2606 1
2662 1
2686 1
2719 1
2714 1
2688 1
2795 1
2750 1
2847 1
2680 1
2727 1
2820 1
2683 1
2643 1
6449 1
4845 1
6682 1
5921 1
2693 1
2663 1
2724 1
2788 1
2671 1
2696 1
2674 1
2667 1
2667 1
2687 1
2972 1
2628 1
2731 1
3018 1
6406 1
2736 1
2738 1
2694 1
2901 1
2643 1
2632 1
2704 1
2670 1
2686 1
2670 1
2774 1
2848 1
2848 1
2802 1
2696 1
6579 1
2879 1
2761 1
2756 1
2756 1
2761 1
2760 1
2804 1
2737 1
2861 1
2757 1
6406 1
6501 1
6500 1
2774 1
2717 1
2722 1
6500 1
2696 1
2785 1
6582 1
2743 1
6480 1
5789 1
6432 1
6457 1
5658 1
5659 1
5586 1
5580 1
5649 1
5587 1
5629 1
5542 1
5652 1
5677 1
6471 1
6528 1
6476 1
